97
82
48
58
90
14
70
70
65
1
1
67
83
34
55
67
65
73
57
9
29
81
99
82
91
7
22
92
97
15
63
67
70
73
98
48
38
13
87
92
44
31
52
59
18
48
94
78
37
75
49
31
43
83
51
75
53
86
87
86
98
70
13
95
19
11
78
18
19
35
21
6
33
30
98
61
43
39
70
68
52
96
62
96
16
53
91
1
83
86
87
87
86
18
3
36
50
76
98
94
44
86
89
36
23
61
83
100
48
71
46
66
59
58
35
74
79
94
61
68
16
29
8
68
45
42
60
66
60
31
42
74
44
39
93
54
45
4
48
81
76
44
42
2
26
25
81
4
95
33
33
40
68
18
80
29
72
79
71
32
3
57
74
5
22
39
49
49
89
58
100
11
14
29
20
54
95
84
28
38
38
37
48
63
69
91
74
92
8
50
64
93
43
23
54
70
75
100
98
98
27
51
0
14
67
67
71
82
8
29
32
52
40
10
48
14
43
52
63
96
33
26
41
90
73
81
87
61
86
2
45
22
46
10
63
53
1
30
74
14
64
35
75
47
27
30
87
83
74
8
40
61
67
65
85
1
53
6
99
97
22
60
33
51
70
35
91
46
75
8
81
21
83
69
1
9
91
16
6
44
63
88
95
67
59
72
35
59
56
69
94
77
85
22
89
93
63
23
92
91
84
59
67
85
12
36
58
2
30
51
78
34
76
10
30
0
41
5
42
8
69
45
59
21
93
17
21
10
70
33
76
19
47
19
4
91
91
47
63
75
98
14
1
54
72
35
92
21
26
77
63
18
70
72
69
58
70
50
63
89
42
57
52
88
53
71
1
1
84
8
31
66
34
17
1
11
36
41
100
97
39
71
81
1
50
90
41
28
11
7
37
69
82
20
72
65
32
71
4
65
77
76
25
12
5
64
74
100
88
44
76
25
24
78
32
2
79
29
50
60
28
31
9
100
28
53
74
39
56
56
10
0
89
39
30
79
12
5
31
94
86
71
65
23
34
54
34
15
20
14
11
17
20
3
87
10
53
61
62
41
27
48
9
3
8
20
21
13
76
90
57
36
77
100
54
50
83
87
74
49
98
42
82
15
80
2
75
29
33
84
94
30
94
12
11
45
74
82
2
19
1
85
72
99
65
80
76
89
55
99
73
95
1
23
59
49
65
100
92
3
24
34
0
61
76
79
45
56
58
3
100
69
20
19
92
33
81
35
28
42
7
75
19
77
65
75
31
10
54
8
14
44
30
73
57
43
32
56
60
52
81
13
22
97
3
83
26
90
8
49
81
15
72
32
56
58
34
63
12
48
89
98
57
62
81
33
12
92
32
98
53
59
33
49
77
61
78
59
65
82
98
99
18
81
99
49
89
20
53
20
10
65
64
77
53
100
34
82
96
49
12
53
18
18
42
71
46
23
92
21
46
49
64
25
28
93
8
5
86
19
9
24
79
91
32
48
90
58
42
42
12
61
73
38
55
51
25
5
13
44
21
99
37
59
59
49
56
59
82
3
41
13
65
24
41
58
47
73
37
88
39
67
86
35
35
86
12
57
90
22
19
0
37
92
19
64
51
13
76
21
71
0
80
62
21
7
46
8
0
2
67
97
67
54
42
99
53
54
2
8
36
44
65
5
51
62
59
91
22
60
66
88
43
74
60
74
15
86
60
0
38
80
68
74
48
15
8
10
93
28
48
47
60
16
76
92
86
27
54
0
53
36
90
48
19
29
35
57
87
28
6
76
45
1
99
10
93
82
24
97
71
73
71
6
100
52
9
43
83
1
7
56
94
92
100
11
56
74
32
35
68
41
29
35
69
21
27
42
54
35
11
77
29
15
30
73
68
27
69
12
43
36
88
39
70
80
69
20
78
56
83
39
93
92
6
33
48
58
91
2
75
7
90
57
61
25
93
69
9
96
55
36
44
47
70
70
97
14
92
35
76
24
28
46
76
77
13
27
65
32
97
57
26
7
100
52
18
14
40
61
22
88
73
41
9
99
100
19
23
73
75
9
61
59
94
25
40
74
4
15
16
10
43
14
24
90
31
70
67
96
52
2
8
29
88
51
52
61
48
92
75
68
61
32
2
90
1
65
92
65
80
44
95
91
72
54
14
37
7
77
98
41
28
82
9
43
11
16
13
0
64
11
18
23
91
84
45
59
3
84
75
86
63
83
100
44
8
67
31
22
48
44
74
7
28
41
13
58
34
40
3
6
35
82
88
30
99
44
57
46
9
34
12
24
43
80
13
24
63
61
